0.000000000000000000e+00 -2.250000000000000000e+01 0.000000000000000000e+00 -5.000000000000000000e-01 -5.000000000000000000e-01 -5.000000000000000000e-01 5.000000000000000000e-01
3.552713678800500929e-15 -5.500000000000000230e-15 2.250000000000000000e+01 7.071067811865474617e-01 7.071067811865475727e-01 4.329780281177465813e-17 4.329780281177467045e-17
3.552713678800500929e-15 2.210150183950617020e+01 2.250000000000000000e+01 7.071067811865474617e-01 7.071067811865475727e-01 4.329780281177465813e-17 4.329780281177467045e-17
3.552713678800500929e-15 4.467071841975307933e+01 2.250000000000000000e+01 7.071067811865474617e-01 7.071067811865475727e-01 4.329780281177465813e-17 4.329780281177467045e-17
3.552713678800500929e-15 6.754921633333330533e+01 2.250000000000000000e+01 7.071067811865474617e-01 7.071067811865475727e-01 4.329780281177465813e-17 4.329780281177467045e-17
3.552713678800500929e-15 9.057856217283951139e+01 2.250000000000000000e+01 7.071067811865474617e-01 7.071067811865475727e-01 4.329780281177465813e-17 4.329780281177467045e-17
3.552713678800500929e-15 1.136003225308641902e+02 2.250000000000000000e+01 7.071067811865474617e-01 7.071067811865475727e-01 4.329780281177465813e-17 4.329780281177467045e-17
3.552713678800500929e-15 1.364560639999999694e+02 2.250000000000000000e+01 7.071067811865474617e-01 7.071067811865475727e-01 4.329780281177465813e-17 4.329780281177467045e-17
3.552713678800500929e-15 1.589873531728395051e+02 2.250000000000000000e+01 7.071067811865474617e-01 7.071067811865475727e-01 4.329780281177465813e-17 4.329780281177467045e-17
3.552713678800500929e-15 1.810357566419752970e+02 2.250000000000000000e+01 7.071067811865474617e-01 7.071067811865475727e-01 4.329780281177465813e-17 4.329780281177467045e-17
3.552713678800500929e-15 2.024428409999999872e+02 2.250000000000000000e+01 7.071067811865474617e-01 7.071067811865475727e-01 4.329780281177465813e-17 4.329780281177467045e-17
